1010011010011010101010010
1011110010100010100010100
1000001010111111100001010
1001111010000010110011001
0001110100010001010101001
1000001010001100100100000
1001111001000000010011001
0000101001010000111000001
0001101000010000011000001
1111110010100011100000000
1101111011101111100000100
1010011010001010001010100
1011011110100000100011011
1010010100001101110001000
1010011100001101110001011
0010000000001101010101000
1110010000000110110000111
1000000010001100100100000
0000111001010000010000001
1000111010011111101110010
1100111010101111000001010
1110010100001111110011011
0010010110001101010101001
1011011010100000100011011
1000110000100110100000100
